((("generate_torus" .
   [1 0 0 0 0 0 0 0 0 0 0 0 0 0])
  ("linearcombo" .
   [1 0 0 0 0 0 0 0 0 0 0])
  ("add_polygon" .
   [13 0 0 0 0 0 0 0 0 0 0])
  ("radians" .
   [3 0 0 0 0 0 0])
  ("depth" .
   [9 0 0 0 0])
  ("height" .
   [9 0 0 0 0 0])
  ("width" .
   [9 0 0 0 0])
  ("points" .
   [36 0 0 0 0 0])
  ("add_edge" .
   [12 0 0 0 0 0 0 0])
  ("abs" .
   [5 0 0])
  ("color" .
   [3 0 0 0 0])
  ("screen" .
   [3 0 0 0 0 0])
  ("plot" .
   [3 0 0 0])
  ("add-to-list" .
   [2 0 0 0 0 0 0 0 0 0 0])
  ("xrange" .
   [8 0 0 0 0 0])
  ("in" .
   [2 0])
  ("kmer_index" .
   [1 0 0 0 0 0 0 0 0 0])
  ("kmer" .
   [1 0 0 0])
  ("distance" .
   [2 0 0 0 0 0 0 0])
  ("hw1" .
   [1 0 0])
  ("import" .
   [2 0 0 0 0 0])
  ("str" .
   [4 0 0])
  ("characters" .
   [5 0 0 0 0 0 0 0 0 0])
  ("bm_preproc" .
   [1 0 0 0 0 0 0 0 0 0])
  ("naive" .
   [6 0 0 0 0])
  ("reverseComplement" .
   [1 0 0 0 0 0 0 0 0 0 0 0 0 0 0 0 0])
  ("return" .
   [11 0 0 0 0 0])
  ("list" .
   [1 0 0 0])
  ("set" .
   [2 0 0])
  ("readGenome" .
   [3 0 0 0 0 0 0 0 0 0])
  ("lambda" .
   [1 0 0 0 0 0])
  ("naive_with_rc" .
   [1 0 0 0 0 0 0 0 0 0 0 0 1])
  ("len" .
   [20 0 0])
  ("if" .
   [9 0])
  ("naive_2mm" .
   [1 0 0 0 0 0 0 0 0])
  ("readFastq" .
   [1 0 0 0 0 0 0 0 0])
  ("print" .
   [7 0 0 0 0])
  ("read" .
   [4 0 0 0])
  ("append" .
   [3 0 0 0 0 0])
  ("while" .
   [3 0 0 0 0])
  ("count" .
   [6 0 0 0 0])
  ("max" .
   [3 0 0])
  ("index" .
   [1 0 0 0 0])
  ("min" .
   [3 0 0])
  ("boyer_moore" .
   [2 0 0 0 0 0 0 0 0 0 0])
  ("r" .
   [1])
  ("alignments" .
   [2 0 0 0 0 0 0 0 0 0])
  ("exit" .
   [1 0 0 0])
  ("letters" .
   [8 0 0 0 0 0 0])
  ("for" .
   [6 0 0])
  ("compute_hash" .
   [1 0 0 0 0 0 0 0 0 0 0 0])
  ("enc" .
   [4 0 0])
  ("else" .
   [5 0 0 0])
  ("elif" .
   [4 0 0 0])
  ("gtemp" .
   [1 0 0 0 0])
  ("open" .
   [1 0 0 0])
  ("split" .
   [5 0 0 0 0])
  ("int" .
   [4 0 0])
  ("right" .
   [3 0 0 0 0])
  ("left" .
   [2 0 0 0])
  ("math" .
   [12 0 0 0])
  ("pi" .
   [6 0])
  ("sin" .
   [4 0 0])
  ("cos" .
   [7 0 0])
  ("theta" .
   [1 0 0 0 0])
  ("matrix" .
   [10 0 0 0 0 0])
  ("range" .
   [1 0 0 0 0])
  ("new_matrix" .
   [2 0 0 0 0 0 0 0 0 0])
  ("m2" .
   [2 0])
  ("m1" .
   [3 0])
  ("args" .
   [11 0 0 0])
  ("continue" .
   [1 0 0 0 0 0 0 0])
  ("pass" .
   [1 0 0 0])))
